iter	Passed	Remaining
0	145	1454858
1	153	767453
2	156	522359
3	158	397029
4	168	336326
5	176	294308
6	177	253495
7	184	230014
8	192	214245
9	202	202258
10	209	190143
11	216	179915
12	225	173245
13	234	167451
14	241	160724
15	247	154739
16	254	149643
17	261	145001
18	265	139373
19	272	135755
20	275	131110
21	282	128095
22	289	125506
23	295	123008
24	305	121906
25	309	118732
26	318	117815
27	322	114931
28	332	114233
29	339	112713
30	343	110320
31	349	108883
32	357	107950
33	364	106724
34	371	105690
35	380	105274
36	390	105042
37	399	104694
38	405	103657
39	407	101369
40	410	99813
41	417	99007
42	426	98787
43	435	98627
44	442	97946
45	446	96685
46	447	94824
47	454	94253
48	461	93641
49	470	93633
50	477	93071
51	483	92519
52	490	92015
53	499	91983
54	503	91016
55	509	90541
56	516	90120
57	525	90104
58	532	89670
59	538	89250
60	548	89294
61	557	89374
62	564	88961
63	573	89022
64	577	88246
65	587	88427
66	591	87670
67	598	87351
68	604	87024
69	608	86304
70	615	86046
71	622	85786
72	628	85511
73	630	84507
74	631	83529
75	638	83437
76	642	82861
77	652	83048
78	656	82466
79	663	82241
80	667	81683
81	670	81147
82	674	80606
83	684	80768
84	690	80566
85	697	80383
86	701	79906
87	708	79759
88	717	79932
89	726	80044
90	736	80205
91	745	80321
92	749	79862
93	758	79973
94	763	79566
95	769	79410
96	776	79251
97	782	79095
98	786	78689
99	793	78528
100	802	78633
101	808	78470
102	812	78089
103	821	78165
104	828	78046
105	832	77673
106	841	77759
107	847	77632
108	851	77241
109	855	76883
110	865	77069
111	874	77188
112	880	77077
113	890	77217
114	894	76858
115	898	76528
116	904	76426
117	908	76123
118	915	76022
119	924	76157
120	931	76045
121	937	75936
122	944	75859
123	951	75794
124	958	75724
125	965	75632
126	971	75558
127	975	75265
128	979	74979
129	984	74709
130	993	74827
131	997	74537
132	1000	74258
133	1001	73763
134	1008	73686
135	1026	74427
136	1032	74349
137	1033	73876
138	1042	73990
139	1046	73722
140	1053	73654
141	1060	73589
142	1069	73701
143	1077	73736
144	1086	73832
145	1090	73584
146	1094	73335
147	1103	73464
148	1112	73578
149	1122	73687
150	1126	73449
151	1129	73181
152	1136	73121
153	1140	72899
154	1149	72984
155	1158	73090
156	1167	73192
157	1175	73216
158	1184	73333
159	1193	73426
160	1197	73194
161	1206	73290
162	1215	73365
163	1224	73456
164	1231	73394
165	1237	73326
166	1241	73102
167	1248	73041
168	1254	72975
169	1261	72921
170	1264	72686
171	1271	72628
172	1280	72712
173	1286	72639
174	1292	72579
175	1296	72374
176	1302	72307
177	1306	72095
178	1315	72187
179	1324	72232
180	1332	72266
181	1336	72075
182	1340	71898
183	1348	71915
184	1354	71867
185	1358	71687
186	1365	71643
187	1369	71453
188	1375	71415
189	1382	71372
190	1386	71187
191	1389	70996
192	1399	71089
193	1405	71036
194	1414	71119
195	1423	71216
196	1432	71294
197	1436	71117
198	1445	71189
199	1449	71016
200	1453	70841
201	1462	70918
202	1468	70874
203	1474	70822
204	1475	70523
205	1479	70361
206	1483	70204
207	1487	70049
208	1494	70006
209	1498	69844
210	1507	69937
211	1514	69932
212	1518	69769
213	1527	69851
214	1534	69822
215	1540	69778
216	1541	69489
217	1545	69333
218	1551	69301
219	1558	69269
220	1565	69250
221	1568	69094
222	1572	68943
223	1579	68924
224	1580	68652
225	1584	68517
226	1595	68698
227	1604	68774
228	1608	68611
229	1616	68682
230	1623	68654
231	1629	68614
232	1636	68593
233	1643	68577
234	1646	68437
235	1653	68416
236	1657	68288
237	1664	68263
238	1673	68341
239	1677	68211
240	1683	68190
241	1690	68160
242	1699	68237
243	1706	68213
244	1709	68076
245	1713	67945
246	1720	67916
247	1726	67888
248	1730	67765
249	1736	67741
250	1740	67608
251	1749	67686
252	1750	67452
253	1754	67326
254	1758	67201
255	1762	67076
256	1768	67050
257	1777	67125
258	1784	67102
259	1790	67082
260	1799	67153
261	1803	67029
262	1812	67109
263	1813	66885
264	1817	66762
265	1824	66750
266	1833	66823
267	1836	66704
268	1843	66687
269	1852	66760
270	1862	66853
271	1871	66919
272	1880	66988
273	1883	66870
274	1890	66853
275	1899	66923
276	1906	66904
277	1914	66969
278	1921	66938
279	1924	66816
280	1930	66785
281	1934	66662
282	1940	66626
283	1946	66599
284	1956	66677
285	1962	66648
286	1968	66619
287	1975	66601
288	1981	66574
289	1984	66462
290	1988	66354
291	1997	66421
292	2004	66402
293	2008	66293
294	2014	66276
295	2020	66254
296	2024	66143
297	2030	66117
298	2036	66086
299	2043	66065
300	2049	66044
301	2056	66045
302	2065	66107
303	2071	66081
304	2078	66055
305	2088	66163
306	2097	66231
307	2107	66307
308	2115	66362
309	2122	66346
310	2128	66321
311	2132	66222
312	2139	66201
313	2147	66252
314	2155	66269
315	2161	66252
316	2171	66318
317	2179	66370
318	2186	66351
319	2190	66248
320	2193	66147
321	2194	65966
322	2198	65875
323	2205	65857
324	2211	65844
325	2218	65832
326	2224	65817
327	2228	65723
328	2237	65778
329	2244	65759
330	2247	65663
331	2256	65717
332	2263	65701
333	2272	65764
334	2279	65754
335	2289	65860
336	2296	65841
337	2306	65924
338	2312	65915
339	2321	65969
340	2328	65952
341	2352	66419
342	2360	66469
343	2365	66401
344	2373	66416
345	2377	66328
346	2381	66260
347	2389	66276
348	2390	66105
349	2402	66236
350	2409	66226
351	2420	66335
352	2429	66394
353	2437	66421
354	2444	66404
355	2452	66431
356	2461	66488
357	2470	66531
358	2474	66446
359	2482	66465
360	2486	66396
361	2493	66380
362	2498	66323
363	2505	66322
364	2509	66236
365	2513	66170
366	2521	66180
367	2528	66179
368	2540	66310
369	2545	66239
370	2555	66324
371	2566	66424
372	2576	66486
373	2587	66592
374	2598	66693
375	2608	66756
376	2619	66872
377	2630	66959
378	2637	66956
379	2644	66953
380	2652	66979
381	2660	66980
382	2666	66963
383	2673	66945
384	2680	66954
385	2687	66934
386	2694	66921
387	2695	66773
388	2704	66814
389	2710	66798
390	2719	66842
391	2728	66884
392	2735	66858
393	2741	66833
394	2747	66807
395	2753	66782
396	2757	66695
397	2763	66673
398	2767	66592
399	2777	66650
400	2784	66650
401	2788	66570
402	2792	66501
403	2796	66418
404	2802	66402
405	2809	66388
406	2818	66437
407	2826	66441
408	2831	66390
409	2837	66370
410	2844	66371
411	2852	66382
412	2863	66467
413	2864	66326
414	2868	66246
415	2880	66354
416	2883	66273
417	2891	66284
418	2893	66155
419	2900	66149
420	2903	66069
421	2912	66107
422	2923	66183
423	2932	66236
424	2943	66310
425	2949	66298
426	2956	66292
427	2966	66334
428	2972	66322
429	2977	66268
430	2987	66323
431	2996	66377
432	3001	66310
433	3009	66329
434	3015	66316
435	3023	66315
436	3029	66299
437	3036	66281
438	3052	66478
439	3059	66473
440	3069	66529
441	3078	66576
442	3085	66560
443	3089	66485
444	3096	66490
445	3106	66538
446	3110	66467
447	3116	66445
448	3123	66449
449	3133	66497
450	3142	66534
451	3156	66686
452	3168	66784
453	3179	66849
454	3189	66911
455	3203	67052
456	3213	67098
457	3227	67238
458	3233	67213
459	3245	67318
460	3253	67316
461	3261	67336
462	3272	67408
463	3283	67477
464	3287	67406
465	3296	67450
466	3303	67437
467	3304	67306
468	3313	67339
469	3319	67318
470	3326	67294
471	3335	67330
472	3344	67363
473	3351	67352
474	3360	67381
475	3366	67365
476	3375	67394
477	3384	67429
478	3391	67410
479	3397	67393
480	3406	67423
481	3416	67458
482	3423	67456
483	3432	67495
484	3442	67529
485	3446	67460
486	3455	67493
487	3461	67475
488	3465	67404
489	3474	67437
490	3481	67424
491	3487	67405
492	3497	67436
493	3503	67414
494	3512	67449
495	3516	67379
496	3522	67359
497	3531	67384
498	3537	67360
499	3546	67386
500	3555	67416
501	3562	67397
502	3566	67328
503	3575	67363
504	3584	67394
505	3590	67372
506	3597	67352
507	3603	67331
508	3607	67259
509	3613	67239
510	3619	67216
511	3626	67195
512	3634	67220
513	3641	67199
514	3650	67228
515	3659	67254
516	3660	67133
517	3663	67064
518	3672	67090
519	3681	67118
520	3687	67095
521	3694	67073
522	3697	67007
523	3706	67031
524	3713	67011
525	3716	66944
526	3723	66922
527	3731	66946
528	3735	66874
529	3741	66853
530	3747	66831
531	3756	66856
532	3762	66835
533	3766	66768
534	3770	66701
535	3773	66634
536	3782	66659
537	3791	66686
538	3797	66665
539	3806	66687
540	3813	66667
541	3822	66696
542	3831	66723
543	3834	66657
544	3841	66636
545	3848	66635
546	3857	66668
547	3866	66697
548	3880	66805
549	3889	66831
550	3897	66835
551	3906	66869
552	3912	66833
553	3913	66724
554	3917	66673
555	3930	66769
556	3940	66798
557	3952	66881
558	3960	66894
559	3968	66894
560	3977	66920
561	3985	66936
562	3994	66954
563	4000	66928
564	4004	66863
565	4012	66885
566	4016	66818
567	4022	66797
568	4028	66776
569	4037	66798
570	4043	66778
571	4053	66810
572	4057	66760
573	4064	66742
574	4067	66677
575	4071	66613
576	4080	66631
577	4083	66569
578	4090	66551
579	4098	66572
580	4107	66592
581	4113	66570
582	4117	66515
583	4127	66549
584	4131	66491
585	4138	66476
586	4146	66496
587	4153	66480
588	4154	66374
589	4162	66394
590	4169	66374
591	4177	66393
592	4186	66417
593	4193	66396
594	4196	66338
595	4205	66362
596	4214	66376
597	4223	66408
598	4233	66439
599	4247	66540
600	4251	66482
601	4259	66489
602	4266	66490
603	4274	66489
604	4278	66446
605	4289	66501
606	4299	66536
607	4308	66551
608	4315	66541
609	4325	66588
610	4336	66636
611	4345	66660
612	4352	66648
613	4359	66634
614	4367	66653
615	4374	66638
616	4381	66625
617	4387	66612
618	4394	66602
619	4401	66589
620	4405	66534
621	4412	66522
622	4413	66427
623	4420	66414
624	4428	66423
625	4436	66434
626	4446	66465
627	4453	66455
628	4463	66492
629	4467	66439
630	4474	66434
631	4480	66420
632	4487	66406
633	4494	66395
634	4501	66383
635	4508	66381
636	4518	66410
637	4522	66361
638	4531	66388
639	4541	66425
640	4551	66456
641	4561	66486
642	4567	66473
643	4577	66507
644	4584	66497
645	4596	66557
646	4600	66506
647	4607	66494
648	4617	66527
649	4627	66560
650	4631	66506
651	4639	66523
652	4646	66505
653	4652	66489
654	4661	66511
655	4671	66537
656	4672	66443
657	4676	66389
658	4682	66371
659	4686	66315
660	4692	66297
661	4701	66315
662	4704	66259
663	4713	66277
664	4722	66294
665	4729	66277
666	4732	66221
667	4738	66203
668	4756	66339
669	4762	66323
670	4771	66343
671	4778	66329
672	4782	66279
673	4788	66263
674	4795	66249
675	4802	66236
676	4811	66262
677	4815	66209
678	4821	66192
679	4825	66139
680	4832	66125
681	4836	66074
682	4842	66062
683	4849	66055
684	4860	66089
685	4867	66087
686	4873	66071
687	4881	66068
688	4887	66051
689	4899	66101
690	4905	66088
691	4910	66056
692	4920	66082
693	4928	66087
694	4935	66076
695	4939	66029
696	4947	66040
697	4951	65987
698	4955	65938
699	4960	65905
700	4969	65916
701	4977	65930
702	4986	65951
703	4994	65954
704	5001	65938
705	5005	65888
706	5009	65841
707	5018	65863
708	5027	65883
709	5033	65864
710	5045	65912
711	5051	65897
712	5058	65881
713	5066	65896
714	5075	65912
715	5084	65930
716	5088	65880
717	5094	65865
718	5102	65858
719	5112	65898
720	5119	65884
721	5126	65872
722	5132	65856
723	5139	65845
724	5140	65760
725	5149	65782
726	5153	65738
727	5163	65759
728	5172	65780
729	5176	65729
730	5185	65748
731	5194	65770
732	5201	65754
733	5207	65744
734	5214	65728
735	5221	65717
736	5227	65703
737	5233	65687
738	5240	65676
739	5249	65692
740	5256	65687
741	5260	65639
742	5267	65624
743	5277	65658
744	5284	65642
745	5293	65662
746	5297	65614
747	5304	65606
748	5310	65590
749	5314	65544
750	5321	65536
751	5327	65522
752	5337	65542
753	5346	65561
754	5353	65551
755	5357	65503
756	5363	65488
757	5370	65476
758	5373	65429
759	5383	65446
760	5386	65397
761	5395	65414
762	5399	65367
763	5408	65385
764	5412	65340
765	5413	65260
766	5417	65216
767	5426	65236
768	5437	65269
769	5441	65230
770	5448	65214
771	5455	65206
772	5461	65193
773	5470	65207
774	5480	65232
775	5485	65206
776	5489	65160
777	5493	65117
778	5505	65164
779	5515	65195
780	5522	65189
781	5533	65228
782	5540	65223
783	5549	65230
784	5553	65187
785	5557	65143
786	5565	65149
787	5575	65175
788	5579	65133
789	5587	65139
790	5593	65126
791	5605	65167
792	5608	65122
793	5614	65100
794	5621	65092
795	5629	65093
796	5639	65121
797	5648	65138
798	5658	65160
799	5659	65083
800	5668	65094
801	5672	65052
802	5673	64974
803	5684	65017
804	5688	64973
805	5696	64978
806	5700	64936
807	5704	64892
808	5711	64892
809	5713	64819
810	5717	64778
811	5723	64768
812	5734	64806
813	5740	64782
814	5748	64786
815	5755	64773
816	5759	64736
817	5767	64736
818	5773	64726
819	5783	64741
820	5784	64669
821	5795	64710
822	5805	64729
823	5813	64735
824	5822	64753
825	5830	64760
826	5837	64748
827	5841	64709
828	5846	64677
829	5853	64665
830	5861	64671
831	5862	64602
832	5869	64591
833	5873	64554
834	5878	64525
835	5887	64540
836	5898	64577
837	5905	64562
838	5910	64535
839	5916	64522
840	5924	64518
841	5934	64541
842	5941	64540
843	5948	64527
844	5954	64512
845	5962	64515
846	5966	64471
847	5973	64469
848	5980	64459
849	5990	64486
850	5994	64447
851	6001	64434
852	6005	64398
853	6015	64420
854	6019	64381
855	6027	64390
856	6034	64378
857	6042	64382
858	6051	64400
859	6056	64370
860	6066	64387
861	6074	64390
862	6081	64385
863	6089	64393
864	6096	64384
865	6107	64415
866	6116	64433
867	6131	64513
868	6140	64518
869	6144	64478
870	6148	64438
871	6152	64405
872	6160	64411
873	6167	64403
874	6175	64406
875	6186	64433
876	6193	64423
877	6199	64412
878	6210	64445
879	6215	64414
880	6227	64463
881	6236	64473
882	6246	64493
883	6253	64484
884	6264	64518
885	6271	64510
886	6277	64498
887	6287	64520
888	6297	64536
889	6298	64467
890	6304	64457
891	6312	64452
892	6316	64420
893	6320	64381
894	6324	64340
895	6335	64368
896	6346	64405
897	6363	64504
898	6376	64553
899	6389	64603
900	6398	64617
901	6409	64651
902	6418	64660
903	6425	64656
904	6429	64618
905	6438	64628
906	6442	64592
907	6453	64616
908	6460	64613
909	6473	64668
910	6488	64732
911	6492	64696
912	6500	64695
913	6504	64656
914	6513	64674
915	6520	64668
916	6528	64663
917	6535	64653
918	6542	64645
919	6555	64697
920	6562	64687
921	6570	64691
922	6577	64680
923	6589	64727
924	6599	64749
925	6607	64743
926	6616	64754
927	6623	64754
928	6633	64769
929	6634	64703
930	6641	64695
931	6650	64710
932	6659	64722
933	6672	64765
934	6681	64775
935	6688	64766
936	6699	64798
937	6705	64786
938	6709	64745
939	6718	64753
940	6729	64781
941	6738	64800
942	6750	64835
943	6754	64796
944	6762	64802
945	6771	64812
946	6775	64774
947	6787	64813
948	6796	64822
949	6807	64853
950	6815	64849
951	6822	64841
952	6836	64900
953	6851	64969
954	6856	64935
955	6868	64976
956	6879	65008
957	6887	65010
958	6901	65067
959	6911	65080
960	6917	65062
961	6930	65114
962	6937	65107
963	6952	65164
964	6955	65126
965	6966	65153
966	6968	65090
967	6977	65106
968	6985	65106
969	6989	65070
970	7004	65131
971	7014	65152
972	7022	65150
973	7025	65102
974	7034	65115
975	7044	65137
976	7049	65102
977	7062	65152
978	7077	65219
979	7082	65186
980	7091	65196
981	7096	65170
982	7104	65164
983	7114	65189
984	7123	65194
985	7135	65229
986	7142	65227
987	7150	65220
988	7151	65157
989	7162	65182
990	7175	65232
991	7182	65226
992	7196	65276
993	7221	65429
994	7233	65467
995	7241	65461
996	7245	65429
997	7259	65478
998	7266	65471
999	7279	65519
1000	7290	65537
1001	7294	65506
1002	7298	65469
1003	7311	65514
1004	7325	65566
1005	7330	65533
1006	7339	65548
1007	7341	65486
1008	7348	65477
1009	7358	65495
1010	7364	65483
1011	7377	65523
1012	7385	65517
1013	7391	65498
1014	7401	65520
1015	7411	65532
1016	7424	65575
1017	7428	65540
1018	7431	65501
1019	7442	65521
1020	7448	65507
1021	7458	65523
1022	7462	65485
1023	7467	65459
1024	7479	65488
1025	7492	65536
1026	7502	65550
1027	7504	65495
1028	7514	65510
1029	7523	65523
1030	7530	65514
1031	7540	65526
1032	7541	65466
1033	7542	65404
1034	7556	65455
1035	7565	65459
1036	7577	65492
1037	7585	65493
1038	7589	65459
1039	7606	65534
1040	7613	65520
1041	7624	65550
1042	7631	65535
1043	7635	65502
1044	7651	65567
1045	7659	65566
1046	7671	65600
1047	7676	65568
1048	7681	65542
1049	7695	65593
1050	7703	65595
1051	7715	65627
1052	7723	65620
1053	7732	65628
1054	7736	65598
1055	7748	65625
1056	7761	65672
1057	7769	65666
1058	7773	65631
1059	7784	65657
1060	7798	65704
1061	7813	65762
1062	7822	65764
1063	7837	65823
1064	7848	65849
1065	7862	65892
1066	7872	65907
1067	7883	65936
1068	7890	65922
1069	7897	65907
1070	7906	65916
1071	7910	65882
1072	7917	65870
1073	7926	65880
1074	7930	65842
1075	7937	65827
1076	7945	65826
1077	7951	65809
1078	7959	65810
1079	7963	65774
1080	7974	65794
1081	7983	65804
1082	7991	65798
1083	7998	65786
1084	8008	65800
1085	8017	65812
1086	8028	65826
1087	8034	65811
1088	8044	65828
1089	8051	65814
1090	8055	65783
1091	8066	65799
1092	8074	65799
1093	8082	65793
1094	8090	65797
1095	8097	65788
1096	8107	65796
1097	8117	65811
1098	8123	65795
1099	8131	65793
1100	8142	65811
1101	8147	65783
1102	8162	65839
1103	8170	65840
1104	8183	65874
1105	8199	65938
1106	8205	65916
1107	8211	65899
1108	8226	65949
1109	8231	65922
1110	8242	65944
1111	8249	65938
1112	8258	65942
1113	8266	65937
1114	8280	65983
1115	8286	65967
1116	8292	65946
1117	8300	65947
1118	8308	65944
1119	8316	65935
1120	8326	65949
1121	8327	65891
1122	8332	65865
1123	8342	65880
1124	8352	65888
1125	8357	65865
1126	8365	65864
1127	8373	65855
1128	8380	65846
1129	8390	65859
1130	8394	65828
1131	8407	65865
1132	8416	65872
1133	8429	65903
1134	8439	65919
1135	8447	65915
1136	8460	65947
1137	8472	65979
1138	8479	65967
1139	8490	65991
1140	8502	66015
1141	8509	66000
1142	8513	65966
1143	8520	65958
1144	8530	65970
1145	8534	65938
1146	8541	65926
1147	8551	65937
1148	8558	65924
1149	8567	65935
1150	8576	65938
1151	8588	65962
1152	8597	65967
1153	8604	65960
1154	8613	65964
1155	8617	65932
1156	8622	65901
1157	8628	65880
1158	8636	65878
1159	8649	65912
1160	8661	65942
1161	8672	65963
1162	8676	65931
1163	8686	65936
1164	8697	65960
1165	8708	65981
1166	8718	65993
1167	8732	66031
1168	8743	66048
1169	8753	66061
1170	8766	66099
1171	8780	66137
1172	8788	66135
1173	8798	66147
1174	8810	66172
1175	8815	66147
1176	8823	66143
1177	8830	66133
1178	8835	66102
1179	8848	66139
1180	8853	66111
1181	8863	66120
1182	8870	66110
1183	8878	66110
1184	8894	66161
1185	8903	66168
1186	8913	66182
1187	8921	66174
1188	8927	66159
1189	8935	66154
1190	8945	66162
1191	8946	66109
1192	8958	66130
1193	8964	66114
1194	8968	66083
1195	8981	66115
1196	8985	66082
1197	8994	66082
1198	8998	66051
1199	9007	66056
1200	9017	66067
1201	9028	66081
1202	9039	66099
1203	9043	66066
1204	9049	66053
1205	9060	66065
1206	9068	66066
1207	9080	66087
1208	9089	66090
1209	9097	66086
1210	9102	66060
1211	9113	66083
1212	9122	66086
1213	9130	66082
1214	9134	66048
1215	9140	66028
1216	9141	65975
1217	9151	65986
1218	9161	65992
1219	9170	65997
1220	9176	65978
1221	9189	66011
1222	9202	66043
1223	9211	66042
1224	9219	66040
1225	9229	66051
1226	9235	66031
1227	9244	66036
1228	9249	66012
1229	9255	65992
1230	9265	66001
1231	9281	66053
1232	9294	66083
1233	9306	66108
1234	9316	66119
1235	9327	66138
1236	9336	66141
1237	9340	66106
1238	9346	66090
1239	9356	66095
1240	9364	66092
1241	9369	66066
1242	9379	66080
1243	9383	66048
1244	9393	66057
1245	9397	66024
1246	9401	65992
1247	9405	65962
1248	9412	65949
1249	9413	65897
1250	9418	65866
1251	9422	65837
1252	9427	65813
1253	9435	65810
1254	9443	65804
1255	9454	65822
1256	9463	65821
1257	9471	65820
1258	9484	65848
1259	9489	65822
1260	9493	65792
1261	9497	65762
1262	9499	65713
1263	9509	65721
1264	9515	65707
1265	9525	65712
1266	9531	65698
1267	9535	65666
1268	9539	65632
1269	9546	65619
1270	9553	65608
1271	9562	65611
1272	9570	65610
1273	9580	65618
1274	9588	65618
1275	9598	65621
1276	9605	65612
1277	9614	65616
1278	9623	65616
1279	9632	65623
1280	9640	65618
1281	9650	65625
1282	9657	65618
1283	9676	65682
1284	9684	65683
1285	9689	65658
1286	9698	65661
1287	9706	65655
1288	9715	65659
1289	9728	65684
1290	9736	65684
1291	9749	65710
1292	9754	65684
1293	9760	65670
1294	9770	65678
1295	9779	65681
1296	9783	65648
1297	9790	65634
1298	9793	65601
1299	9800	65587
1300	9809	65589
1301	9816	65576
1302	9819	65541
1303	9820	65489
1304	9826	65474
1305	9833	65458
1306	9836	65426
1307	9843	65410
1308	9849	65394
1309	9855	65378
1310	9864	65380
1311	9870	65364
1312	9877	65349
1313	9883	65334
1314	9887	65304
1315	9892	65276
1316	9893	65226
1317	9902	65229
1318	9908	65213
1319	9909	65162
1320	9913	65130
1321	9916	65097
1322	9926	65102
1323	9935	65104
1324	9941	65091
1325	9945	65058
1326	9951	65044
1327	9961	65046
1328	9971	65057
1329	9977	65042
1330	9981	65011
1331	9993	65030
1332	10006	65061
1333	10019	65090
1334	10033	65123
1335	10043	65129
1336	10051	65124
1337	10059	65126
1338	10075	65170
1339	10088	65196
1340	10090	65155
1341	10100	65166
1342	10110	65173
1343	10123	65199
1344	10139	65247
1345	10150	65263
1346	10158	65258
1347	10175	65307
1348	10181	65292
1349	10191	65301
1350	10202	65315
1351	10214	65333
1352	10219	65310
1353	10231	65335
1354	10244	65360
1355	10256	65380
1356	10267	65394
1357	10279	65418
1358	10293	65450
1359	10304	65462
1360	10317	65493
1361	10327	65498
1362	10338	65511
1363	10343	65487
1364	10354	65499
1365	10364	65513
1366	10374	65519
1367	10383	65521
1368	10392	65519
1369	10399	65507
1370	10412	65535
1371	10416	65505
1372	10425	65506
1373	10436	65519
1374	10448	65538
1375	10457	65540
1376	10465	65535
1377	10474	65535
1378	10481	65527
1379	10487	65505
1380	10495	65505
1381	10504	65502
1382	10512	65498
1383	10524	65518
1384	10531	65507
1385	10536	65486
1386	10544	65482
1387	10556	65501
1388	10558	65455
1389	10566	65451
1390	10574	65445
1391	10581	65432
1392	10589	65430
1393	10596	65416
1394	10605	65417
1395	10612	65408
1396	10617	65385
1397	10625	65381
1398	10629	65351
1399	10635	65329
1400	10642	65323
1401	10654	65339
1402	10661	65328
1403	10673	65349
1404	10684	65364
1405	10692	65359
1406	10701	65355
1407	10711	65365
1408	10717	65345
1409	10725	65338
1410	10726	65291
1411	10737	65307
1412	10748	65321
1413	10756	65316
1414	10764	65309
1415	10774	65318
1416	10782	65310
1417	10786	65279
1418	10792	65266
1419	10796	65237
1420	10805	65238
1421	10809	65208
1422	10813	65179
1423	10822	65180
1424	10829	65169
1425	10835	65147
1426	10842	65141
1427	10851	65139
1428	10858	65125
1429	10868	65136
1430	10875	65122
1431	10882	65115
1432	10890	65110
1433	10896	65089
1434	10906	65099
1435	10911	65076
1436	10923	65094
1437	10936	65118
1438	10949	65140
1439	10950	65097
1440	10955	65069
1441	10956	65023
1442	10964	65019
1443	10972	65011
1444	10977	64988
1445	10988	65004
1446	10997	65002
1447	11006	65003
1448	11014	65002
1449	11026	65015
1450	11031	64993
1451	11041	65003
1452	11050	65000
1453	11056	64988
1454	11069	65009
1455	11073	64982
1456	11082	64982
1457	11094	64997
1458	11102	64996
1459	11112	64997
1460	11120	64993
1461	11128	64988
1462	11132	64958
1463	11139	64947
1464	11143	64918
1465	11149	64906
1466	11153	64877
1467	11160	64865
1468	11169	64867
1469	11179	64870
1470	11185	64857
1471	11192	64846
1472	11199	64833
1473	11206	64822
1474	11216	64825
1475	11227	64836
1476	11228	64791
1477	11237	64793
1478	11245	64789
1479	11249	64759
1480	11257	64755
1481	11261	64727
1482	11271	64733
1483	11278	64722
1484	11282	64693
1485	11286	64665
1486	11291	64640
1487	11295	64613
1488	11301	64601
1489	11303	64556
1490	11313	64564
1491	11320	64554
1492	11327	64543
1493	11334	64531
1494	11344	64539
1495	11351	64526
1496	11362	64541
1497	11364	64498
1498	11371	64490
1499	11376	64466
1500	11383	64454
1501	11391	64449
1502	11398	64437
1503	11402	64413
1504	11409	64401
1505	11413	64373
1506	11420	64365
1507	11427	64352
1508	11437	64359
1509	11444	64346
1510	11454	64350
1511	11455	64306
1512	11464	64307
1513	11471	64298
1514	11478	64285
1515	11485	64276
1516	11492	64266
1517	11496	64240
1518	11506	64246
1519	11513	64234
1520	11520	64223
1521	11527	64211
1522	11534	64200
1523	11538	64171
1524	11547	64173
1525	11551	64145
1526	11555	64116
1527	11561	64103
1528	11565	64074
1529	11574	64074
1530	11583	64075
1531	11587	64046
1532	11590	64018
1533	11600	64021
1534	11606	64007
1535	11616	64011
1536	11626	64015
1537	11636	64022
1538	11645	64023
1539	11652	64014
1540	11659	64001
1541	11666	63992
1542	11673	63982
1543	11680	63972
1544	11685	63946
1545	11691	63933
1546	11701	63940
1547	11705	63912
1548	11716	63920
1549	11720	63893
1550	11730	63901
1551	11735	63877
1552	11741	63863
1553	11749	63858
1554	11758	63861
1555	11766	63854
1556	11770	63826
1557	11774	63798
1558	11781	63789
1559	11788	63777
1560	11795	63765
1561	11799	63740
1562	11806	63728
1563	11813	63719
1564	11819	63706
1565	11826	63692
1566	11830	63667
1567	11839	63669
1568	11850	63676
1569	11859	63677
1570	11869	63683
1571	11875	63670
1572	11882	63660
1573	11892	63664
1574	11899	63655
1575	11906	63641
1576	11917	63652
1577	11918	63609
1578	11927	63612
1579	11934	63599
1580	11943	63600
1581	11952	63602
1582	11962	63606
1583	11968	63592
1584	11975	63577
1585	11984	63581
1586	11988	63553
1587	11994	63539
1588	12004	63540
1589	12012	63539
1590	12019	63525
1591	12025	63512
1592	12034	63512
1593	12043	63511
1594	12049	63497
1595	12053	63469
1596	12059	63454
1597	12068	63456
1598	12075	63443
1599	12084	63442
1600	12085	63400
1601	12094	63400
1602	12100	63386
1603	12109	63385
1604	12112	63356
1605	12121	63355
1606	12127	63340
1607	12134	63326
1608	12142	63326
1609	12151	63325
1610	12157	63310
1611	12164	63295
1612	12167	63267
1613	12176	63265
1614	12180	63238
1615	12186	63225
1616	12192	63211
1617	12201	63211
1618	12210	63209
1619	12216	63196
1620	12223	63183
1621	12232	63182
1622	12241	63181
1623	12244	63154
1624	12245	63112
1625	12251	63098
1626	12258	63085
1627	12262	63057
1628	12268	63042
1629	12277	63042
1630	12284	63032
1631	12291	63021
1632	12292	62980
1633	12298	62966
1634	12305	62955
1635	12314	62955
1636	12323	62956
1637	12327	62930
1638	12333	62917
1639	12338	62893
1640	12344	62880
1641	12353	62880
1642	12359	62866
1643	12365	62852
1644	12374	62849
1645	12381	62840
1646	12394	62862
1647	12403	62859
1648	12409	62846
1649	12415	62832
1650	12422	62819
1651	12435	62840
1652	12445	62842
1653	12452	62834
1654	12457	62812
1655	12465	62807
1656	12472	62797
1657	12479	62786
1658	12489	62792
1659	12496	62784
1660	12506	62790
1661	12516	62791
1662	12520	62770
1663	12525	62749
1664	12533	62742
1665	12543	62745
1666	12546	62719
1667	12556	62720
1668	12565	62721
1669	12573	62715
1670	12584	62727
1671	12595	62737
1672	12602	62727
1673	12610	62722
1674	12617	62711
1675	12628	62718
1676	12635	62710
1677	12647	62722
1678	12655	62717
1679	12661	62703
1680	12667	62689
1681	12676	62688
1682	12682	62675
1683	12689	62662
1684	12695	62649
1685	12702	62637
1686	12708	62624
1687	12717	62624
1688	12721	62598
1689	12727	62585
1690	12734	62572
1691	12743	62572
1692	12750	62560
1693	12758	62559
1694	12762	62533
1695	12766	62506
1696	12769	62480
1697	12773	62454
1698	12777	62428
1699	12783	62415
1700	12790	62402
1701	12791	62362
1702	12794	62336
1703	12796	62298
1704	12802	62285
1705	12809	62274
1706	12817	62269
1707	12823	62256
1708	12830	62244
1709	12836	62231
1710	12840	62206
1711	12847	62194
1712	12850	62169
1713	12857	62156
1714	12863	62143
1715	12869	62129
1716	12873	62103
1717	12882	62102
1718	12891	62104
1719	12897	62090
1720	12904	62076
1721	12912	62075
1722	12921	62074
1723	12925	62048
1724	12931	62033
1725	12935	62008
1726	12944	62009
1727	12951	61997
1728	12960	61997
1729	12963	61972
1730	12974	61979
1731	12983	61979
1732	12992	61977
1733	12998	61965
1734	13004	61951
1735	13008	61925
1736	13017	61926
1737	13024	61913
1738	13035	61922
1739	13039	61899
1740	13046	61892
1741	13054	61886
1742	13061	61876
1743	13065	61851
1744	13074	61853
1745	13086	61863
1746	13094	61858
1747	13101	61849
1748	13108	61839
1749	13117	61839
1750	13126	61839
1751	13135	61840
1752	13142	61827
1753	13151	61830
1754	13161	61831
1755	13162	61794
1756	13169	61786
1757	13177	61778
1758	13183	61766
1759	13193	61767
1760	13203	61774
1761	13208	61756
1762	13219	61763
1763	13232	61782
1764	13244	61796
1765	13254	61798
1766	13266	61811
1767	13277	61822
1768	13281	61798
1769	13285	61774
1770	13293	61767
1771	13302	61766
1772	13329	61851
1773	13339	61853
1774	13346	61843
1775	13356	61848
1776	13365	61850
1777	13367	61813
1778	13374	61804
1779	13383	61804
1780	13387	61781
1781	13394	61771
1782	13401	61759
1783	13408	61751
1784	13417	61751
1785	13422	61730
1786	13423	61692
1787	13432	61693
1788	13439	61685
1789	13446	61674
1790	13456	61676
1791	13460	61652
1792	13466	61641
1793	13477	61646
1794	13483	61634
1795	13491	61626
1796	13500	61627
1797	13501	61591
1798	13509	61583
1799	13515	61570
1800	13523	61563
1801	13524	61527
1802	13533	61528
1803	13543	61532
1804	13549	61519
1805	13560	61524
1806	13561	61488
1807	13568	61478
1808	13575	61469
1809	13585	61471
1810	13595	61474
1811	13606	61482
1812	13610	61459
1813	13617	61449
1814	13627	61456
1815	13638	61464
1816	13645	61455
1817	13646	61419
1818	13659	61432
1819	13669	61436
1820	13680	61446
1821	13693	61464
1822	13697	61441
1823	13707	61445
1824	13708	61408
1825	13716	61402
1826	13728	61413
1827	13733	61394
1828	13738	61378
1829	13745	61367
1830	13759	61387
1831	13763	61363
1832	13772	61364
1833	13779	61353
1834	13788	61354
1835	13790	61319
1836	13796	61306
1837	13806	61308
1838	13809	61283
1839	13821	61296
1840	13828	61284
1841	13838	61287
1842	13844	61275
1843	13856	61287
1844	13868	61299
1845	13872	61275
1846	13878	61263
1847	13885	61253
1848	13889	61229
1849	13895	61216
1850	13916	61266
1851	13923	61259
1852	13927	61235
1853	13940	61252
1854	13944	61228
1855	13962	61266
1856	13990	61348
1857	14007	61381
1858	14018	61391
1859	14024	61377
1860	14038	61398
1861	14049	61402
1862	14058	61401
1863	14064	61387
1864	14071	61376
1865	14078	61368
1866	14085	61357
1867	14091	61346
1868	14099	61337
1869	14108	61336
1870	14113	61318
1871	14122	61318
1872	14130	61310
1873	14136	61298
1874	14140	61275
1875	14147	61265
1876	14154	61254
1877	14161	61245
1878	14167	61233
1879	14168	61197
1880	14172	61173
1881	14182	61177
1882	14189	61165
1883	14194	61145
1884	14201	61137
1885	14212	61145
1886	14219	61135
1887	14230	61142
1888	14239	61141
1889	14247	61136
1890	14251	61113
1891	14258	61101
1892	14265	61095
1893	14272	61082
1894	14279	61075
1895	14289	61078
1896	14299	61079
1897	14306	61071
1898	14313	61059
1899	14319	61048
1900	14324	61028
1901	14331	61016
1902	14334	60992
1903	14339	60972
1904	14346	60961
1905	14352	60949
1906	14360	60942
1907	14369	60941
1908	14376	60934
1909	14386	60936
1910	14397	60942
1911	14407	60944
1912	14411	60921
1913	14421	60924
1914	14427	60913
1915	14434	60901
1916	14442	60895
1917	14451	60895
1918	14459	60888
1919	14463	60865
1920	14466	60841
1921	14471	60821
1922	14475	60799
1923	14484	60798
1924	14491	60788
1925	14496	60770
1926	14507	60777
1927	14514	60769
1928	14530	60795
1929	14541	60802
1930	14549	60798
1931	14558	60795
1932	14565	60785
1933	14577	60798
1934	14586	60794
1935	14596	60798
1936	14603	60789
1937	14607	60766
1938	14616	60763
1939	14623	60753
1940	14630	60743
1941	14641	60751
1942	14645	60731
1943	14653	60726
1944	14660	60715
1945	14670	60719
1946	14680	60720
1947	14688	60714
1948	14698	60716
1949	14706	60709
1950	14716	60712
1951	14720	60691
1952	14727	60680
1953	14734	60671
1954	14741	60661
1955	14745	60639
1956	14746	60605
1957	14750	60585
1958	14760	60587
1959	14770	60588
1960	14780	60590
1961	14788	60585
1962	14789	60551
1963	14796	60541
1964	14803	60533
1965	14807	60511
1966	14817	60511
1967	14821	60489
1968	14831	60493
1969	14835	60472
1970	14839	60449
1971	14846	60438
1972	14853	60429
1973	14862	60430
1974	14869	60420
1975	14876	60410
1976	14880	60388
1977	14885	60369
1978	14891	60355
1979	14901	60357
1980	14910	60358
1981	14915	60338
1982	14925	60341
1983	14932	60333
1984	14942	60333
1985	14948	60322
1986	14955	60309
1987	14961	60297
1988	14970	60294
1989	14973	60271
1990	14980	60260
1991	15003	60313
1992	15010	60304
1993	15014	60282
1994	15023	60282
1995	15030	60272
1996	15039	60272
1997	15046	60260
1998	15052	60248
1999	15061	60247
2000	15065	60224
2001	15075	60228
2002	15086	60233
2003	15097	60239
2004	15106	60237
2005	15116	60241
2006	15126	60240
2007	15135	60240
2008	15142	60229
2009	15151	60228
2010	15155	60205
2011	15165	60208
2012	15173	60203
2013	15182	60204
2014	15192	60205
2015	15205	60217
2016	15214	60216
2017	15222	60212
2018	15234	60221
2019	15242	60214
2020	15249	60206
2021	15250	60172
2022	15261	60178
2023	15273	60187
2024	15284	60192
2025	15291	60183
2026	15301	60185
2027	15305	60164
2028	15314	60164
2029	15323	60163
2030	15335	60170
2031	15344	60170
2032	15348	60147
2033	15356	60141
2034	15367	60147
2035	15378	60155
2036	15389	60160
2037	15396	60148
2038	15402	60136
2039	15409	60125
2040	15418	60123
2041	15427	60122
2042	15428	60089
2043	15432	60067
2044	15438	60055
2045	15447	60053
2046	15456	60051
2047	15463	60042
2048	15470	60032
2049	15474	60011
2050	15478	59990
2051	15487	59988
2052	15496	59986
2053	15503	59974
2054	15509	59962
2055	15513	59939
2056	15521	59937
2057	15530	59935
2058	15534	59912
2059	15538	59890
2060	15547	59888
2061	15557	59891
2062	15566	59889
2063	15576	59892
2064	15583	59883
2065	15590	59872
2066	15597	59861
2067	15603	59850
2068	15610	59839
2069	15617	59828
2070	15618	59796
2071	15627	59796
2072	15638	59799
2073	15643	59781
2074	15654	59786
2075	15664	59790
2076	15671	59780
2077	15680	59778
2078	15689	59778
2079	15696	59767
2080	15702	59755
2081	15711	59753
2082	15718	59740
2083	15727	59738
2084	15736	59736
2085	15742	59724
2086	15748	59712
2087	15752	59689
2088	15758	59677
2089	15762	59654
2090	15771	59653
2091	15780	59651
2092	15786	59639
2093	15795	59637
2094	15802	59625
2095	15808	59613
2096	15814	59601
2097	15821	59589
2098	15830	59587
2099	15839	59585
2100	15845	59573
2101	15849	59551
2102	15856	59541
2103	15865	59539
2104	15872	59531
2105	15879	59520
2106	15889	59523
2107	15895	59511
2108	15902	59500
2109	15910	59493
2110	15917	59485
2111	15918	59453
2112	15927	59452
2113	15934	59442
2114	15938	59422
2115	15943	59404
2116	15953	59407
2117	15960	59395
2118	15972	59403
2119	15982	59405
2120	15989	59395
2121	16001	59405
2122	16008	59396
2123	16018	59399
2124	16028	59400
2125	16036	59392
2126	16042	59380
2127	16046	59360
2128	16055	59359
2129	16059	59338
2130	16063	59316
2131	16067	59295
2132	16073	59284
2133	16083	59282
2134	16092	59281
2135	16098	59270
2136	16102	59248
2137	16111	59247
2138	16118	59236
2139	16124	59223
2140	16130	59212
2141	16139	59209
2142	16143	59186
2143	16149	59175
2144	16156	59163
2145	16162	59153
2146	16171	59151
2147	16178	59141
2148	16187	59139
2149	16191	59117
2150	16200	59115
2151	16207	59104
2152	16213	59093
2153	16219	59081
2154	16224	59061
2155	16231	59053
2156	16240	59053
2157	16246	59039
2158	16255	59037
2159	16264	59033
2160	16271	59024
2161	16278	59016
